$ANSIBLE_VAULT;1.1;AES256
37303632313530363231663837643432316235616265303565633730386538343934316133313034
6533356432333264363664363431343761383263306262350a643133383935393937383064613164
35626262313138316230363838353839636262323061613262653464613731333131636430343035
3863343463303733630a646266643638373433616231336339366365373862303030363664626464
65303434636463326338633734663639393036343363393634313766333837303062623433643632
31313634636439333337313234303265326161363838373735633463396135346633323461393831
30666161396461666138663931376132636232356164333239386430343133636636656331343939
30316337346161653666633935326235306264303134353037353664343366393537373534373265
63336336313939396434323436383937343566383239626134633633323666356566303535333932
35373165333230353964626664663933633664353136383732316634313436353636323138666632
39346536373761356366646439363433356638353833333133346466346263376537353431643335
35323136316466323839383563393133623362333165636461343032363034393562653433303164
32636132386230343266623464366634616664643064373235643939323035666531623966353535
35636538316463613662666430633462383831376433356562316631343265363133373139336365
38316164313334323562386237383836343161303561303732343338383934616535313134343032
35326661326636373834313063363330656237386661303430613332333238643332313032303361
65646365346661366361396531393638643333616363616466353736616533643631356464393563
66346635393064336335343366376333633165653839663838656239323335303065663466613233
36373936366466306236363435386262353039336334306237303161623134363839633833313434
66626433333537343038306130326635666631653164353663613763346537616239393734363630
36313234343731343138363435646538396434663837646237656134623962333066626431363561
33323162363036336565373735343932626436333163393561666239383733353239663163616664
37383133346334306664646337376138613731616231366434336132353663326330666431343463
64656662393131343139306435653063306632613463383231316233376138353061333666303866
61636266343439623464383035313031613066656164323162646261346338663631323531396666
37313136613232633031333331343961383662373766613331633261623134363135623639376362
64313632343634643437636236353234313531613034316433633331383866663231346462373966
31616537373466653361343335376531656365353764376634383039386338663232373266623661
35353237316638323564353536393461333436623065356564653436303338623463313938643134
62656432373736323036633262633865323533393039333932666464623533386531633564343762
38646333386137393462633663373231373666343937656535326330613930363531333264396530
65646164333034313732613461656438303836383563396566393431363965386435666238323139
34303161613761366266336136356430646335323364333739386139383863393635363731623732
32333339303037393730376362643136316534353037346165336130336632313866643564303337
38363633363637313139396232383065623135666662373965613665393939333232616337316138
38613331323937613132623136303866353132343061643138383030303232336366333034643536
36366561666231326564656332366361623562313461313135323030376466616666623830393733
38643030313233393335376563653835613335666461306434663463366235336561653363333930
64343737333036643563303361363436656435396330396463393135613330326565393035323036
33363730363531346666343064656462616364633865336266313738393661393166633634666135
34363264623939343934393762623737666533383032316261666430663138373137623833323265
38326337613963656434643061313130633736626432313462326134353932333061303930613163
31643736336534393436323664663331663866376365396339383631393662326666313061316166
65356362663233316437373061633530626665656264386431333964643563663064376339643930
61393135376330643966616138353938616465316534316637393464353666343332626564383134
38336532383765316665623066373161633965326235613830356132323634363630323062383038
33393561633736353932313236323036393262363037326636623165306635663765316263396430
35393363386635366262373233663766643832346366333433616331326534356438383632313361
33633364366164326364363663326135383037323430623765323465393936396337373766373166
37656562363361316635346663333538346233623363396362616133646533373766616330323638
39336561616563613362396137656262613264396364396533633035643765336334643961363433
37383333316430383831626434643535663633633565323333353432326165343966326331633036
61646363643531386535656463386234653437633033306365353234393132303361656437393732
32613536376163666639643033383561626330303861343537326465626432316438353762386333
64313535303130396634653239353765376237333266626637616438636530616633353534356563
63356132373563313064333363653166633362383261636161643534653363376264303132353334
34323463666333383134383936643839653662316539653065303630633265356564343631623464
61396137343431323166336430396536386335363861643362333730323262356334346566626237
61313862666131313761623131363239643535376362303561313861336664363365653631303464
66393261313033373833626636306331356465306331336539316235643639363235623534653963
31636138373663343564336162653965386466616338616333356434373730616338363261343334
32303439626664643632316262313238313161353333313136633230383464656239343433346532
37636332313736343861323066306130353364316463363038613435323261343031306166306566
36393336363732386363303438303130626564373235393538633532356538643932303638376635
66316164343635343964396261613636306238313136313662633863363334623262343462653235
33356562343736393561353330333832326262353765643236663939393536313531313034376630
66663736323230623031303834393833393333336539616135376237373236326236383337653562
62626635666166373964336433643966616336313837313635366164613663643234366439633536
65333166633261663637613331366666393338656664313939646230326463323765303964343935
35633638393262636135386336643434343164396330353537363231616135393962653162623864
33363264653334393238626335316165346331303831313162343138383430336465373666363331
33363237663734633963636261353866646566373434636163366564336434633530353134313165
61393636623238383537393736333135656538633539626633633838336637323761663930373631
61643166623137653133313830613761363035646438356265366162663131623863646263633364
61343938663738636332363565653964626130633165636636616638663365613833323839626165
63333239343832316535333762323433393862343165353965303239323066356132636232303138
61653230313239313863393437323037663161316265633936633936623932333634373064356635
35303761643734393534393130326631653337343639363562313862333232343965393062666234
36333333633338316666353036343335613263613764633063333236383438366137366333373463
66303730313839643161363235616335623435353666333862346630623035336635316632376631
66356266633430353433646161336561306565396434333033633665343132306335353963343738
39306363613765623736303131643361316638393261343531353163376661656262346334356137
37656164626265333264386535646437666337313963613032386231663664623431663539346434
65376533663833333431363862333334376565313636663334333930356631366630383932346261
62343736366532316364383731303933626365306436623033343861626230623365623139643733
39613361656438343561366435343163386263643966323066303230346361613061633564393764
31303261633034356261616638626132623061663166376463353538633165306163373234313637
63626232653531616432
