$ANSIBLE_VAULT;1.1;AES256
30623964363465383839633236616362666561333633663334316664653966303932366166373161
3731636464373831346466613835383938383266336461360a363362383664646164346264386231
35376138653361333338326134623463376266383165386133626361386630383132303231396434
6462363934373364390a376632623364343062616435306437306230663266353764613465376533
34636231333161336432653738316464323739623232633439623061643834326338633837363666
35353366613036643735383462323563333865346437326434633438323534653136656431666239
66616331663331303863646436623461353430326662383366366664393834623765313234353164
63616163303939386264333438393531386532363266303032323839666533346633623535306161
33613439373962663664343835666166356265663662393938616665353465616130663830356664
37333334646331383763653232313164346333373966383533396462353337323261303534363039
37363264326165353435623132363137323935653261613939326266373537326633303661663163
63613434303333333739623464333434356337363034346438653635393237646461363136346339
31636235373830336562643263663739376436353463303532363232353534323731616139656331
39656561393434336134633031313862326463316137663439336361643463383836626161336239
32613861663431643365343338643537623238653862366662373136356230656331626239326430
34336132623065313639396366383164323363626166316433653936323861353839393535303735
62356333396561373662323463306564323664613333386137613264363033313765353464303839
34366131393532393336613232373165373333353163633364343738316461646332343734343239
30386331633065313536386432346462646464363138313832313963353362646366316464333235
38663735366338616437326236313532616230646231633830343162666263616632363861346461
61326261623131353331306334633338326339323664393439333333633930333664613463316133
38383832396631646237356534656332366432653465646532313132656163623631333537643834
33326133363165623536653165343264623234313530643937333031316635666664656530363031
65353765356537336236343663306234363336373832666366303630313439363165376230623732
30656561366532376635626635343738633330306131356263333635373138646630323836313932
65613565363234353961343763666166326131376330303333333337656233303430653863623864
37313862373831616638343836356333313662373533616233306664633731396335323065653531
37393437393164623435383961616137316264653835643733333465316538346665323466306633
35613061373031376265373734346265663637323461316562396331326439316634393631386631
65313666613839353630646462373433633031343763386436333437323334353738656638353130
34626236303836303565626364626162313430623239386362366133616332623533323564633763
33313238633933363334303038303238636664656433306164376230383764643233346462646337
65376163623532336431393366306130393465383138653035366230633561653966343131356632
63386636326437396230353764313331366661373161613539653966323666396636353439666531
33616363626132653232363239333634373764663132366465306565646537653532316634666132
37393731356363633665636332346231636262323165386566363861396564656332386130346538
64303234386131373437313463633333396436343263623135313964303063613235623734346634
62343637373630633538646636616462346163623362363963306531393333656133336365303031
35643835656432333063326332353237336135663666633636633138366430386332346631333065
38336333363932633864643266626437373930333430316564326565653832306666623330666239
32383839333337333930613434373431333763386630643834363935326361646632626364636233
33333539323336653662386664623031656630363038376237323133396130386466333764643338
61343261616631396165393633623038656239386331613836626561336137373962346238663230
30376536653635633736663930636639656634356138303961356461653066373962666234613066
39386130366133363433353235383835393735393136386662393734333638643932363738626335
61363638653933623534383262613336333462653062663334363664363432303337303465316265
61633866633563656262353361653064663766343165616266313637386462386231616362643034
34376231396431643336333163316431626437363663343065373537616231336337623361643931
66373635303035336266626665323338343562643530383630366365613136636266646634623831
61643263393765323538653538383637323563353037363363383662386231666439306136353036
61383632633833323361623632336130313232316631366530636433646235383532376133643131
36623234663363393632326331333634663438363136383065626330303863313961393536303933
31323639336333386436363462346133666132613031616534626131623762633239653236343137
32396665383131336639643261366162323037373234653862393533313237313664653761373836
31306633653537633462373363613334303334393534316364303436616565303439333033626361
32333031303638663763326130626164643765346634333039303030663836333762663437643533
38613330656561336533303665326264316463636530336462663562323261633037393237376533
33333630643038376666623331633832653533373831363862333332343232333533333035643131
33396132336234363936643763316438326632613132653435626264316637363332626562646461
61666232343833636636303764333761376530323566396635666639373939303566323833613531
30643936393934663832323061323163303163303563393538633738666639636430333739393235
63373762306431353038373263343430623935353134333633646230383433633136636533316233
63333366396265343562333337386537366465626565613537373161306433643465663565633264
32333931626237306665313466656339323261376136363064383336366363376665663530643465
64383731323964346265363839326139353537373665313066393665386666376362633736396336
61326366333863653038343161663236643735393764623235363330353761633539383965306334
34373637636534666339346536383933356462353532643630303666626139626333633065633836
64393265626665656632613536386662666632623064646533313861653233323331386135306234
63623537353465663961623864313264323437376361616261393666393830653236386462636466
32633161376537343665343135306239636364626633343466396162356166663766666166306632
39613630626461353831336337616566303162633139363063306530643834316633323437363565
37383233653663376330656435306633346164643462346433386535613839343738646131363433
62383435316436366565396631356234386531303463323561633861373536323632616630346437
64613134386634363465633331623037303033653933633335383532663262316236333633623831
36373833326162323963353439366262343762373466323263663261343131353937346133373839
39336465313533393033306665303461643430303435316235393164333637663561316338303031
33323063653536363562626439373564653739626538656433303732333332383062333365663663
39653936613861643239656138306136656133323265396531623365616438326564653535376563
64336436343765366634323166333634303834336431626237333164616231333862356236363132
65643438313661373461393131643762356433666536356364656563353061313835613261643961
31616535323538383635343230326137656632343365633532643835666234653364333832303564
66616262366465353065393534346432616235316563336536653438313666323361613734633864
36386564306637303230333836363831386465633932613934323064643536313964613533646339
30303362343234353433666334663336353033356231636232393862316237376632636666366132
63323437366435326334386331363635616264346431323165343237393639663739646632373230
64643935623666636139313037323561663866363430353234623363323833303065353364396563
62376536343637626564633630623536353463383666303363396362653134376435646435393162
65333636646339616531
