$ANSIBLE_VAULT;1.1;AES256
33316630666433663830383134306163653239643334653732643735333364343030343533386163
6564306535303361326132373638366435383632656662340a333938346538626332393861323663
32353963623863623162653263313265303030633261373661303737396465626664346137336232
3034303136326334620a613533303865313436393965353564343437363166306563313363663561
65663631386365626536646633383634666162343133326530313363656337613731643361383838
33353936366639663636346434306165346363666466623731333532396566616565383162313235
30343236363338306139643737303134353461646131333033333737313262646534353062643231
31646463373230656430376366363438316132653531306462613765613461376334363166643836
65333865393064323034633866386237353064626562336365303233373362363263613732366534
30633533626635633162656339363237646338663131633530343831626535333031396661366637
38656433353431376139613861326263353732313163313136663239373934663961323935363034
32393837356161333930346232393833316464663064383565653532313034353763343665376639
39653164666434346332636134313133643364333965373239393533366662356333333539646539
31646465346234653063373636396234633735353436633937373339343264373337373633613733
62616433383832366335396664336238623732363662346336343935336561363964303964346233
62303765666162646632303664346363383137346532303733366564393961336161303430613961
65343031343032363366636438346665343834336437386136313664343035633434663161393465
34316632363664613139383562353239396230623735646664386462616634336231343364643631
61313365633037393763363466373533393063616361653330356666613538616165616264666532
30356538326539336636636331383666356231346361626532303638336234393065383332323637
66336261623034633961353930313034336265316630393935663461363965336332366237303732
63346636656334636631376136363866316639396438313637656463613731396234633264363565
39653531396131393166306438353336316462616634363332613138323062383732633866663830
63363939633539383165346539306637383032313262383539303437653963366633343432613535
33613163333932323738316634616539643138306134306432376334326233663064636538333434
3337323862613066666335373733396661393531363631393062
