$ANSIBLE_VAULT;1.1;AES256
31333961623262326461373632346564383463306338356362323830366165376165326363613663
3062336135346635326637353561323639623730323439320a303732616431313339393430636364
65353238643066396233323965306239303035333363633836653937373036376163383930643934
6431383039613634380a613736306265306533633163663864356530336232623863373737306439
64633037373131646639343966643665336134303062303935323261363931663062363363386636
66333430363839633166366461613737323036353465393236633436363362643462363665313930
36326534383763356330623761303263353162333438643963343161663939313365623361383238
66386632373661316663623962353638303634313839396530333238326162393463626236383735
66346366656237316438653961623231653963653336663537353766373036313563623337396430
66373239633437333461633230633064363563306430303633396465303365363534333335663036
65303630303831383239653333336466313363343737646161623638373762383739336632346264
61333861326337656530663434333836313630656263386538373439323462613231626338623634
63646234613761383361313565393764633134323361316266376261626565373439633837303734
33373130613936356664303862396465303337336433623966306139356535653730393965383037
31353337313930626465346437626338653864643639333262303663333931663263326463383566
35613731616462393337656166343463643531306630316365613765303432343061303434323230
61373334323134363764633536623365383039626361393836306664646662386364363236303762
65396533396134366638653735383335356162366637396131626236353065396337383066393434
64383261663733653437303739653565373339653139333732323962393632656331376638356362
66306539363963653962633966666464373630656132363133313730663964636236666137323938
65316131326438393134333936396231636666643931373365653432396365383036316439656636
35666338373164376434326262326336313531376463336537396338303536383731363063376364
36353034373133613431353038383865613433306163386461613731653336613463356235393631
64663231626330366235313835623661326436636339393861653533366636623337633965383439
62663366303965633734623734373961316238383262636230613362383330333463656539303236
3362366334336665376132373965333435383537653566306466
